#   539205200000000  52 2  536 12 261.73398   9.74578
    56308.34047 18.421 0.038  0.085 32768
    56288.33790 18.548 0.040  0.078     0
    56295.30016 18.463 0.038  0.079     0
    56296.32114 18.490 0.039  0.081     0
    56298.31966 18.394 0.037  0.089     0
    56297.31851 18.594 0.041  0.093     0
    56270.40735 18.646 0.042  0.085     0
    56271.38900 18.633 0.042  0.074     0
    56286.34239 18.519 0.040  0.083     0
    56287.33826 18.505 0.039  0.078     0
    56284.34303 18.546 0.040  0.081     0
    56279.40450 18.620 0.042  0.091     0
    56276.42593 18.528 0.040  0.095     0
    56336.22908 18.493 0.039  0.077     0
    56343.32633 18.517 0.039  0.085     0
    56341.32849 18.545 0.040  0.098     0
    56344.17743 18.514 0.039  0.071     0
    56342.32881 18.554 0.040  0.089     0
    56334.36109 18.491 0.039  0.090     0
    56337.33247 18.457 0.038  0.078     0
    56338.21065 18.502 0.039  0.080     0
    56324.23557 18.494 0.039  0.073     0
    56330.33951 18.489 0.039  0.080     0
    56323.25663 18.571 0.041  0.060     0
    56331.23407 18.525 0.040  0.084     0
    56340.30514 18.567 0.041  0.089     0
    56285.38210 18.510 0.039  0.071     0
    56273.38477 18.534 0.040  0.080     0
    56274.33891 18.495 0.039  0.059     0
    56226.48456 18.545 0.040  0.092     0
    56226.45612 18.529 0.040  0.089     0
    56217.48543 18.550 0.040  0.083     0
    56217.50766 18.533 0.040  0.086     0
    56228.45413 18.601 0.041  0.094     0
    56230.45770 18.629 0.042  0.097     0
    56269.42069 18.511 0.039  0.077     0
    56266.37919 18.576 0.041  0.079     0
    56268.42566 18.436 0.038  0.083     0
    56256.44245 18.565 0.041  0.099     0
    56263.42208 18.528 0.040  0.091     0
    56257.41908 18.564 0.041  0.092     0
    56255.46294 18.524 0.040  0.068     0
    56247.45701 18.576 0.041  0.089     0
    56252.48624 18.530 0.040  0.093     0
    56216.51115 18.578 0.041  0.097     0
    56259.44566 18.573 0.041  0.099     0
    56307.36374 18.516 0.039  0.072     0
    56332.29559 18.675 0.043  0.089 32768
    56310.38856 18.488 0.039  0.090     0
    56314.42117 18.566 0.041  0.076     0
    56315.34008 18.524 0.040  0.073     0
    56313.38770 18.522 0.040  0.075     0
#   539205200000001  51 2  536 12 261.81563   9.74642
    56284.34303 18.803 0.046  0.081     0
    56266.37919 18.833 0.047  0.079     0
    56342.32882 18.751 0.045  0.089     0
    56341.32850 18.879 0.049  0.098     0
    56344.17743 18.737 0.045  0.071     0
    56343.32634 18.770 0.046  0.085     0
    56337.33247 18.721 0.044  0.078     0
    56338.21065 18.820 0.047  0.080     0
    56334.36109 18.784 0.046  0.090     0
    56336.22908 18.856 0.048  0.077     0
    56340.30514 18.726 0.044  0.089     0
    56259.44566 18.799 0.046  0.099     0
    56263.42208 18.927 0.050  0.091     0
    56256.44244 18.885 0.049  0.099     0
    56257.41907 18.835 0.047  0.092     0
    56269.42069 18.826 0.047  0.077     0
    56217.48542 18.873 0.048  0.083     0
    56268.42565 18.730 0.045  0.083     0
    56217.50765 18.736 0.045  0.086     0
    56216.51115 18.849 0.048  0.097     0
    56226.48455 18.819 0.047  0.092     0
    56226.45611 18.841 0.047  0.089     0
    56230.45769 18.864 0.048  0.097     0
    56247.45701 18.852 0.048  0.089     0
    56228.45412 18.921 0.050  0.094     0
    56255.46294 18.770 0.046  0.068     0
    56252.48623 18.815 0.047  0.093     0
    56288.33790 18.811 0.047  0.078     0
    56295.30016 18.720 0.044  0.079     0
    56297.31851 18.745 0.045  0.093     0
    56296.32114 18.807 0.047  0.081     0
    56286.34239 18.795 0.046  0.083     0
    56276.42593 18.765 0.045  0.095     0
    56279.40450 18.831 0.047  0.091     0
    56287.33826 18.799 0.046  0.078     0
    56273.38477 18.740 0.045  0.080     0
    56270.40734 18.773 0.046  0.085     0
    56285.38209 18.814 0.047  0.071     0
    56271.38900 18.817 0.047  0.074     0
    56332.29559 18.941 0.050  0.089 32768
    56331.23408 18.760 0.045  0.084     0
    56323.25663 18.874 0.048  0.060     0
    56324.23556 18.850 0.048  0.073     0
    56330.33951 18.752 0.045  0.080     0
    56274.33890 18.816 0.047  0.059     0
    56313.38770 18.823 0.047  0.075     0
    56310.38859 18.819 0.047  0.090     0
    56308.34047 18.793 0.046  0.085 32768
    56315.34008 18.800 0.046  0.073     0
    56314.42117 18.826 0.047  0.076     0
    56307.36374 18.739 0.045  0.072     0
#   539205200000002  45 2  536 12 261.93498   9.74722
    56324.23556 19.611 0.078  0.073     0
    56330.33952 20.000 0.101  0.080     0
    56308.34047 19.965 0.099  0.085 32768
    56313.38770 19.850 0.092  0.075     0
    56296.32114 19.782 0.087  0.081     0
    56295.30015 20.020 0.103  0.079     0
    56288.33789 19.907 0.095  0.078     0
    56310.38859 19.917 0.096  0.090     0
    56314.42117 19.866 0.093  0.076     0
    56307.36374 19.965 0.099  0.072     0
    56315.34009 19.994 0.101  0.073     0
    56284.34302 20.052 0.105  0.081     0
    56279.40450 19.948 0.098  0.091     0
    56274.33890 19.795 0.088  0.059     0
    56271.38899 19.828 0.090  0.074     0
    56273.38476 19.855 0.092  0.080     0
    56285.38209 19.859 0.092  0.071     0
    56287.33825 19.880 0.093  0.078     0
    56286.34238 19.963 0.099  0.083     0
    56276.42593 19.873 0.093  0.095     0
    56323.25663 19.631 0.079  0.060     0
    56332.29560 19.863 0.092  0.089 32768
    56331.23408 19.783 0.088  0.084     0
    56344.17744 19.802 0.089  0.071     0
    56338.21066 19.946 0.098  0.080     0
    56217.50764 19.969 0.099  0.086     0
    56217.48541 19.822 0.090  0.083     0
    56269.42068 19.674 0.081  0.077     0
    56259.44565 20.062 0.106  0.099     0
    56263.42207 20.095 0.108  0.091     0
    56257.41906 19.971 0.099  0.092     0
    56255.46293 19.947 0.098  0.068     0
    56230.45768 19.845 0.091  0.097     0
    56247.45700 19.840 0.091  0.089     0
    56252.48622 20.052 0.105  0.093     0
    56256.44244 19.885 0.094  0.099     0
    56226.45610 19.944 0.098  0.089     0
    56226.48454 19.846 0.091  0.092     0
    56341.32850 19.990 0.101  0.098     0
    56268.42565 19.888 0.094  0.083     0
    56342.32883 19.747 0.085  0.089     0
    56343.32635 19.836 0.091  0.085     0
    56334.36110 19.803 0.089  0.090     0
    56337.33248 19.821 0.090  0.078     0
    56340.30515 19.980 0.100  0.089     0
#   539205200000003  53 2  536 12 261.55693   9.74413
    56279.40451 18.666 0.043  0.091     0
    56287.33826 18.603 0.041  0.078     0
    56286.34239 18.664 0.043  0.083     0
    56284.34303 18.704 0.044  0.081     0
    56285.38210 18.611 0.042  0.071     0
    56273.38478 18.614 0.042  0.080     0
    56276.42594 18.638 0.042  0.095     0
    56270.40736 18.468 0.038  0.085     0
    56315.34008 18.639 0.042  0.073     0
    56314.42117 18.711 0.044  0.076     0
    56313.38770 18.627 0.042  0.075     0
    56310.38856 18.629 0.042  0.090     0
    56308.34047 18.636 0.042  0.085 32768
    56307.36374 18.560 0.041  0.072     0
    56271.38901 18.690 0.043  0.074     0
    56340.30513 18.637 0.042  0.089     0
    56344.17741 18.615 0.042  0.071     0
    56343.32632 18.570 0.041  0.085     0
    56342.32880 18.612 0.042  0.089     0
    56341.32848 18.697 0.044  0.098     0
    56337.33246 18.592 0.041  0.078     0
    56338.21064 18.614 0.042  0.080     0
    56336.22907 18.647 0.042  0.077     0
    56334.36108 18.669 0.043  0.090     0
    56257.41909 18.678 0.043  0.092     0
    56247.45703 18.565 0.041  0.089     0
    56266.37920 18.562 0.041  0.079     0
    56263.42209 18.626 0.042  0.091     0
    56268.42567 18.577 0.041  0.083     0
    56255.46295 18.648 0.042  0.068     0
    56230.45772 18.695 0.044  0.097     0
    56252.48625 18.667 0.043  0.093     0
    56226.48457 18.688 0.043  0.092     0
    56274.33891 18.618 0.042  0.059     0
    56269.42070 18.599 0.041  0.077     0
    56262.38337 18.776 0.046  0.090     0
    56256.44246 18.648 0.042  0.099     0
    56226.45614 18.569 0.041  0.089     0
    56228.45414 18.729 0.044  0.094     0
    56259.44568 18.626 0.042  0.099     0
    56217.50768 18.638 0.042  0.086     0
    56217.48544 18.650 0.043  0.083     0
    56216.51117 18.611 0.042  0.097     0
    56297.31852 18.564 0.041  0.093     0
    56298.31966 18.569 0.041  0.089     0
    56295.30016 18.673 0.043  0.079     0
    56288.33790 18.542 0.040  0.078     0
    56296.32114 18.566 0.041  0.081     0
    56330.33950 18.560 0.041  0.080     0
    56324.23557 18.636 0.042  0.073     0
    56323.25662 18.628 0.042  0.060     0
    56332.29556 18.710 0.044  0.089 32768
    56331.23406 18.564 0.041  0.084     0
#   539205200000004  33 2  536 12 261.57848   9.74428
    56273.38478 20.240 0.119  0.080     0
    56287.33826 20.038 0.104  0.078     0
    56331.23407 20.510 0.142  0.084     0
    56286.34239 20.346 0.128  0.083     0
    56323.25662 20.035 0.104  0.060     0
    56274.33891 20.303 0.124  0.059     0
    56271.38901 19.834 0.091  0.074     0
    56330.33950 19.753 0.086  0.080     0
    56276.42594 20.214 0.117  0.095     0
    56315.34008 20.229 0.118  0.073     0
    56285.38210 20.131 0.111  0.071     0
    56307.36374 20.051 0.105  0.072     0
    56266.37920 20.277 0.122  0.079     0
    56313.38770 20.274 0.122  0.075     0
    56336.22907 20.377 0.131  0.077     0
    56338.21064 20.108 0.109  0.080     0
    56342.32880 20.252 0.120  0.089     0
    56344.17742 20.167 0.114  0.071     0
    56340.30513 20.283 0.123  0.089     0
    56334.36108 19.484 0.071  0.090     0
    56343.32632 20.155 0.113  0.085     0
    56308.34047 19.884 0.094  0.085 32768
    56255.46295 20.188 0.115  0.068     0
    56230.45772 20.303 0.124  0.097     0
    56247.45703 20.437 0.136  0.089     0
    56252.48625 20.647 0.151  0.093     0
    56259.44567 20.059 0.106  0.099     0
    56257.41909 20.159 0.113  0.092     0
    56226.45614 20.404 0.133  0.089     0
    56226.48457 20.200 0.116  0.092     0
    56217.48544 20.322 0.126  0.083     0
    56217.50768 20.438 0.136  0.086     0
    56288.33790 19.995 0.101  0.078     0
#   539205200000005  48 2  536 12 261.63856   9.74478
    56276.42594 19.829 0.090  0.095     0
    56285.38210 19.849 0.092  0.071     0
    56284.34303 19.955 0.098  0.081     0
    56286.34239 19.877 0.093  0.083     0
    56271.38900 19.753 0.086  0.074     0
    56287.33826 19.646 0.080  0.078     0
    56315.34008 19.751 0.086  0.073     0
    56313.38770 19.776 0.087  0.075     0
    56314.42117 19.908 0.095  0.076     0
    56226.45613 19.964 0.099  0.089     0
    56247.45702 19.874 0.093  0.089     0
    56257.41908 19.863 0.092  0.092     0
    56217.50767 19.810 0.089  0.086     0
    56259.44567 19.874 0.093  0.099     0
    56255.46295 19.796 0.088  0.068     0
    56226.48457 19.934 0.097  0.092     0
    56230.45771 19.895 0.094  0.097     0
    56228.45414 19.913 0.096  0.094     0
    56252.48624 19.880 0.093  0.093     0
    56262.38336 19.850 0.092  0.090     0
    56269.42070 19.710 0.083  0.077     0
    56266.37920 19.760 0.086  0.079     0
    56268.42566 19.741 0.085  0.083     0
    56217.48543 19.901 0.095  0.083     0
    56273.38477 19.677 0.081  0.080     0
    56279.40451 19.848 0.091  0.091     0
    56295.30016 19.757 0.086  0.079     0
    56288.33790 19.850 0.092  0.078     0
    56307.36374 19.876 0.093  0.072     0
    56310.38856 19.722 0.084  0.090     0
    56332.29556 19.569 0.076  0.089 32768
    56323.25662 19.675 0.081  0.060     0
    56336.22907 19.827 0.090  0.077     0
    56334.36108 19.784 0.088  0.090     0
    56344.17742 19.819 0.090  0.071     0
    56342.32881 19.833 0.091  0.089     0
    56296.32114 19.895 0.094  0.081     0
    56338.21064 19.773 0.087  0.080     0
    56337.33246 19.690 0.082  0.078     0
    56343.32633 19.857 0.092  0.085     0
    56341.32849 19.660 0.080  0.098     0
    56340.30513 19.813 0.089  0.089     0
    56308.34047 19.809 0.089  0.085 32768
    56274.33891 19.763 0.086  0.059     0
    56324.23557 19.971 0.099  0.073     0
    56330.33950 19.854 0.092  0.080     0
    56331.23407 19.840 0.091  0.084     0
    56270.40735 19.695 0.082  0.085     0
#   539205200000006  11 2  536 12 261.78595   9.74578
    56310.38856 19.882 0.094  0.090     0
    56308.34047 19.805 0.089  0.085 32768
    56313.38770 19.972 0.100  0.075     0
    56268.42565 19.560 0.076  0.083     0
    56230.45770 19.933 0.097  0.097     0
    56228.45412 20.191 0.115  0.094     0
    56247.45701 20.013 0.102  0.089     0
    56252.48623 19.937 0.097  0.093     0
    56255.46294 19.859 0.092  0.068     0
    56337.33247 19.818 0.090  0.078     0
    56338.21065 19.973 0.100  0.080     0
#   539205200000007  11 2  536 9 262.78595   9.74578
    57310.38856 18.882 0.094  0.090     0
    57308.34047 18.805 0.089  0.085 32768
    57313.38770 18.972 0.100  0.075     0
    57268.42565 18.560 0.076  0.083     0
    57230.45770 18.933 0.097  0.097     0
    57228.45412 19.191 0.115  0.094     0
    57247.45701 10.013 0.102  0.089     0
    57252.48623 18.937 0.097  0.093     0
    57255.46294 18.859 0.092  0.068     0
    57337.33247 18.818 0.090  0.078     0
    57338.21065 18.973 0.100  0.080     0
#   539205300000000  52 1  536 12 261.73398   9.74578
    56308.34047 17.421 0.038  0.085 32768
    56288.33790 17.548 0.040  0.078     0
    56295.30016 17.463 0.038  0.079     0
    56296.32114 17.490 0.039  0.081     0
    56298.31966 17.394 0.037  0.089     0
    56297.31851 17.594 0.041  0.093     0
    56270.40735 17.646 0.042  0.085     0
    56271.38900 17.633 0.042  0.074     0
    56286.34239 17.519 0.040  0.083     0
    56287.33826 17.505 0.039  0.078     0
    56284.34303 17.546 0.040  0.081     0
    56279.40450 17.620 0.042  0.091     0
    56276.42593 17.528 0.040  0.095     0
    56336.22908 17.493 0.039  0.077     0
    56343.32633 17.517 0.039  0.085     0
    56341.32849 17.545 0.040  0.098     0
    56344.17743 17.514 0.039  0.071     0
    56342.32881 17.554 0.040  0.089     0
    56334.36109 17.491 0.039  0.090     0
    56337.33247 17.457 0.038  0.078     0
    56338.21065 17.502 0.039  0.080     0
    56324.23557 17.494 0.039  0.073     0
    56330.33951 17.489 0.039  0.080     0
    56323.25663 17.571 0.041  0.060     0
    56331.23407 17.525 0.040  0.084     0
    56340.30514 17.567 0.041  0.089     0
    56285.38210 17.510 0.039  0.071     0
    56273.38477 17.534 0.040  0.080     0
    56274.33891 17.495 0.039  0.059     0
    56226.48456 17.545 0.040  0.092     0
    56226.45612 17.529 0.040  0.089     0
    56217.48543 17.550 0.040  0.083     0
    56217.50766 17.533 0.040  0.086     0
    56228.45413 17.601 0.041  0.094     0
    56230.45770 17.629 0.042  0.097     0
    56269.42069 17.511 0.039  0.077     0
    56266.37919 17.576 0.041  0.079     0
    56268.42566 17.436 0.038  0.083     0
    56256.44245 17.565 0.041  0.099     0
    56263.42208 17.528 0.040  0.091     0
    56257.41908 17.564 0.041  0.092     0
    56255.46294 17.524 0.040  0.068     0
    56247.45701 17.576 0.041  0.089     0
    56252.48624 17.530 0.040  0.093     0
    56216.51115 17.578 0.041  0.097     0
    56259.44566 17.573 0.041  0.099     0
    56307.36374 17.516 0.039  0.072     0
    56332.29559 17.675 0.043  0.089 32768
    56310.38856 17.488 0.039  0.090     0
    56314.42117 17.566 0.041  0.076     0
    56315.34008 17.524 0.040  0.073     0
    56313.38770 17.522 0.040  0.075     0
#   539205300000001  51 1  536 12 261.81563   9.74642
    56284.34303 17.803 0.046  0.081     0
    56266.37919 17.833 0.047  0.079     0
    56342.32882 17.751 0.045  0.089     0
    56341.32850 17.879 0.049  0.098     0
    56344.17743 17.737 0.045  0.071     0
    56343.32634 17.770 0.046  0.085     0
    56337.33247 17.721 0.044  0.078     0
    56338.21065 17.820 0.047  0.080     0
    56334.36109 17.784 0.046  0.090     0
    56336.22908 17.856 0.048  0.077     0
    56340.30514 17.726 0.044  0.089     0
    56259.44566 17.799 0.046  0.099     0
    56263.42208 17.927 0.050  0.091     0
    56256.44244 17.885 0.049  0.099     0
    56257.41907 17.835 0.047  0.092     0
    56269.42069 17.826 0.047  0.077     0
    56217.48542 17.873 0.048  0.083     0
    56268.42565 17.730 0.045  0.083     0
    56217.50765 17.736 0.045  0.086     0
    56216.51115 17.849 0.048  0.097     0
    56226.48455 17.819 0.047  0.092     0
    56226.45611 17.841 0.047  0.089     0
    56230.45769 17.864 0.048  0.097     0
    56247.45701 17.852 0.048  0.089     0
    56228.45412 17.921 0.050  0.094     0
    56255.46294 17.770 0.046  0.068     0
    56252.48623 17.815 0.047  0.093     0
    56288.33790 17.811 0.047  0.078     0
    56295.30016 17.720 0.044  0.079     0
    56297.31851 17.745 0.045  0.093     0
    56296.32114 17.807 0.047  0.081     0
    56286.34239 17.795 0.046  0.083     0
    56276.42593 17.765 0.045  0.095     0
    56279.40450 17.831 0.047  0.091     0
    56287.33826 17.799 0.046  0.078     0
    56273.38477 17.740 0.045  0.080     0
    56270.40734 17.773 0.046  0.085     0
    56285.38209 17.814 0.047  0.071     0
    56271.38900 17.817 0.047  0.074     0
    56332.29559 17.941 0.050  0.089 32768
    56331.23408 17.760 0.045  0.084     0
    56323.25663 17.874 0.048  0.060     0
    56324.23556 17.850 0.048  0.073     0
    56330.33951 17.752 0.045  0.080     0
    56274.33890 17.816 0.047  0.059     0
    56313.38770 17.823 0.047  0.075     0
    56310.38859 17.819 0.047  0.090     0
    56308.34047 17.793 0.046  0.085 32768
    56315.34008 17.800 0.046  0.073     0
    56314.42117 17.826 0.047  0.076     0
    56307.36374 17.739 0.045  0.072     0
#   539205300000002  45 1  536 12 261.93498   9.74722
    56324.23556 18.611 0.078  0.073     0
    56330.33952 19.000 0.101  0.080     0
    56308.34047 18.965 0.099  0.085 32768
    56313.38770 18.850 0.092  0.075     0
    56296.32114 18.782 0.087  0.081     0
    56295.30015 19.020 0.103  0.079     0
    56288.33789 18.907 0.095  0.078     0
    56310.38859 18.917 0.096  0.090     0
    56314.42117 18.866 0.093  0.076     0
    56307.36374 18.965 0.099  0.072     0
    56315.34009 18.994 0.101  0.073     0
    56284.34302 19.052 0.105  0.081     0
    56279.40450 18.948 0.098  0.091     0
    56274.33890 18.795 0.088  0.059     0
    56271.38899 18.828 0.090  0.074     0
    56273.38476 18.855 0.092  0.080     0
    56285.38209 18.859 0.092  0.071     0
    56287.33825 18.880 0.093  0.078     0
    56286.34238 18.963 0.099  0.083     0
    56276.42593 18.873 0.093  0.095     0
    56323.25663 18.631 0.079  0.060     0
    56332.29560 18.863 0.092  0.089 32768
    56331.23408 18.783 0.088  0.084     0
    56344.17744 18.802 0.089  0.071     0
    56338.21066 18.946 0.098  0.080     0
    56217.50764 18.969 0.099  0.086     0
    56217.48541 18.822 0.090  0.083     0
    56269.42068 18.674 0.081  0.077     0
    56259.44565 19.062 0.106  0.099     0
    56263.42207 19.095 0.108  0.091     0
    56257.41906 18.971 0.099  0.092     0
    56255.46293 18.947 0.098  0.068     0
    56230.45768 18.845 0.091  0.097     0
    56247.45700 18.840 0.091  0.089     0
    56252.48622 19.052 0.105  0.093     0
    56256.44244 18.885 0.094  0.099     0
    56226.45610 18.944 0.098  0.089     0
    56226.48454 18.846 0.091  0.092     0
    56341.32850 18.990 0.101  0.098     0
    56268.42565 18.888 0.094  0.083     0
    56342.32883 18.747 0.085  0.089     0
    56343.32635 18.836 0.091  0.085     0
    56334.36110 18.803 0.089  0.090     0
    56337.33248 18.821 0.090  0.078     0
    56340.30515 18.980 0.100  0.089     0
#   539205300000003  53 1  536 12 261.55693   9.74413
    56279.40451 17.666 0.043  0.091     0
    56287.33826 17.603 0.041  0.078     0
    56286.34239 17.664 0.043  0.083     0
    56284.34303 17.704 0.044  0.081     0
    56285.38210 17.611 0.042  0.071     0
    56273.38478 17.614 0.042  0.080     0
    56276.42594 17.638 0.042  0.095     0
    56270.40736 17.468 0.038  0.085     0
    56315.34008 17.639 0.042  0.073     0
    56314.42117 17.711 0.044  0.076     0
    56313.38770 17.627 0.042  0.075     0
    56310.38856 17.629 0.042  0.090     0
    56308.34047 17.636 0.042  0.085 32768
    56307.36374 17.560 0.041  0.072     0
    56271.38901 17.690 0.043  0.074     0
    56340.30513 17.637 0.042  0.089     0
    56344.17741 17.615 0.042  0.071     0
    56343.32632 17.570 0.041  0.085     0
    56342.32880 17.612 0.042  0.089     0
    56341.32848 17.697 0.044  0.098     0
    56337.33246 17.592 0.041  0.078     0
    56338.21064 17.614 0.042  0.080     0
    56336.22907 17.647 0.042  0.077     0
    56334.36108 17.669 0.043  0.090     0
    56257.41909 17.678 0.043  0.092     0
    56247.45703 17.565 0.041  0.089     0
    56266.37920 17.562 0.041  0.079     0
    56263.42209 17.626 0.042  0.091     0
    56268.42567 17.577 0.041  0.083     0
    56255.46295 17.648 0.042  0.068     0
    56230.45772 17.695 0.044  0.097     0
    56252.48625 17.667 0.043  0.093     0
    56226.48457 17.688 0.043  0.092     0
    56274.33891 17.618 0.042  0.059     0
    56269.42070 17.599 0.041  0.077     0
    56262.38337 17.776 0.046  0.090     0
    56256.44246 17.648 0.042  0.099     0
    56226.45614 17.569 0.041  0.089     0
    56228.45414 17.729 0.044  0.094     0
    56259.44568 17.626 0.042  0.099     0
    56217.50768 17.638 0.042  0.086     0
    56217.48544 17.650 0.043  0.083     0
    56216.51117 17.611 0.042  0.097     0
    56297.31852 17.564 0.041  0.093     0
    56298.31966 17.569 0.041  0.089     0
    56295.30016 17.673 0.043  0.079     0
    56288.33790 17.542 0.040  0.078     0
    56296.32114 17.566 0.041  0.081     0
    56330.33950 17.560 0.041  0.080     0
    56324.23557 17.636 0.042  0.073     0
    56323.25662 17.628 0.042  0.060     0
    56332.29556 17.710 0.044  0.089 32768
    56331.23406 17.564 0.041  0.084     0
#   539205300000004  33 1  536 12 261.57848   9.74428
    56273.38478 19.240 0.119  0.080     0
    56287.33826 19.038 0.104  0.078     0
    56331.23407 19.510 0.142  0.084     0
    56286.34239 19.346 0.128  0.083     0
    56323.25662 19.035 0.104  0.060     0
    56274.33891 19.303 0.124  0.059     0
    56271.38901 18.834 0.091  0.074     0
    56330.33950 18.753 0.086  0.080     0
    56276.42594 19.214 0.117  0.095     0
    56315.34008 19.229 0.118  0.073     0
    56285.38210 19.131 0.111  0.071     0
    56307.36374 19.051 0.105  0.072     0
    56266.37920 19.277 0.122  0.079     0
    56313.38770 19.274 0.122  0.075     0
    56336.22907 19.377 0.131  0.077     0
    56338.21064 19.108 0.109  0.080     0
    56342.32880 19.252 0.120  0.089     0
    56344.17742 19.167 0.114  0.071     0
    56340.30513 19.283 0.123  0.089     0
    56334.36108 18.484 0.071  0.090     0
    56343.32632 19.155 0.113  0.085     0
    56308.34047 18.884 0.094  0.085 32768
    56255.46295 19.188 0.115  0.068     0
    56230.45772 19.303 0.124  0.097     0
    56247.45703 19.437 0.136  0.089     0
    56252.48625 19.647 0.151  0.093     0
    56259.44567 19.059 0.106  0.099     0
    56257.41909 19.159 0.113  0.092     0
    56226.45614 19.404 0.133  0.089     0
    56226.48457 19.200 0.116  0.092     0
    56217.48544 19.322 0.126  0.083     0
    56217.50768 19.438 0.136  0.086     0
    56288.33790 18.995 0.101  0.078     0
#   539205300000005  48 1  536 12 261.63856   9.74478
    56276.42594 18.829 0.090  0.095     0
    56285.38210 18.849 0.092  0.071     0
    56284.34303 18.955 0.098  0.081     0
    56286.34239 18.877 0.093  0.083     0
    56271.38900 18.753 0.086  0.074     0
    56287.33826 18.646 0.080  0.078     0
    56315.34008 18.751 0.086  0.073     0
    56313.38770 18.776 0.087  0.075     0
    56314.42117 18.908 0.095  0.076     0
    56226.45613 18.964 0.099  0.089     0
    56247.45702 18.874 0.093  0.089     0
    56257.41908 18.863 0.092  0.092     0
    56217.50767 18.810 0.089  0.086     0
    56259.44567 18.874 0.093  0.099     0
    56255.46295 18.796 0.088  0.068     0
    56226.48457 18.934 0.097  0.092     0
    56230.45771 18.895 0.094  0.097     0
    56228.45414 18.913 0.096  0.094     0
    56252.48624 18.880 0.093  0.093     0
    56262.38336 18.850 0.092  0.090     0
    56269.42070 18.710 0.083  0.077     0
    56266.37920 18.760 0.086  0.079     0
    56268.42566 18.741 0.085  0.083     0
    56217.48543 18.901 0.095  0.083     0
    56273.38477 18.677 0.081  0.080     0
    56279.40451 18.848 0.091  0.091     0
    56295.30016 18.757 0.086  0.079     0
    56288.33790 18.850 0.092  0.078     0
    56307.36374 18.876 0.093  0.072     0
    56310.38856 18.722 0.084  0.090     0
    56332.29556 18.569 0.076  0.089 32768
    56323.25662 18.675 0.081  0.060     0
    56336.22907 18.827 0.090  0.077     0
    56334.36108 18.784 0.088  0.090     0
    56344.17742 18.819 0.090  0.071     0
    56342.32881 18.833 0.091  0.089     0
    56296.32114 18.895 0.094  0.081     0
    56338.21064 18.773 0.087  0.080     0
    56337.33246 18.690 0.082  0.078     0
    56343.32633 18.857 0.092  0.085     0
    56341.32849 18.660 0.080  0.098     0
    56340.30513 18.813 0.089  0.089     0
    56308.34047 18.809 0.089  0.085 32768
    56274.33891 18.763 0.086  0.059     0
    56324.23557 18.971 0.099  0.073     0
    56330.33950 18.854 0.092  0.080     0
    56331.23407 18.840 0.091  0.084     0
    56270.40735 18.695 0.082  0.085     0
#   539205300000006  11 1  536 12 261.78595   9.74578
    56310.38856 18.882 0.094  0.090     0
    56308.34047 18.805 0.089  0.085 32768
    56313.38770 18.972 0.100  0.075     0
    56268.42565 18.560 0.076  0.083     0
    56230.45770 18.933 0.097  0.097     0
    56228.45412 19.191 0.115  0.094     0
    56247.45701 19.013 0.102  0.089     0
    56252.48623 18.937 0.097  0.093     0
    56255.46294 18.859 0.092  0.068     0
    56337.33247 18.818 0.090  0.078     0
    56338.21065 18.973 0.100  0.080     0